   1.0012383e-01  -2.4876171e-02             NaN
   2.2512383e-01  -2.4876171e-02             NaN
   4.7120820e-01  -2.8791802e-02             NaN
   7.2120820e-01  -2.8791802e-02             NaN
   9.7120820e-01  -2.8791802e-02             NaN
   1.2212082e+00  -2.8791802e-02             NaN
   1.4712082e+00  -2.8791802e-02             NaN
   1.7212082e+00  -2.8791802e-02             NaN
   1.9712082e+00  -2.8791802e-02             NaN
   2.2212082e+00  -2.8791802e-02             NaN
   2.4712082e+00  -2.8791802e-02             NaN
   2.7212082e+00  -2.8791802e-02             NaN
   2.9712082e+00  -2.8791802e-02             NaN
   3.2212082e+00  -2.8791802e-02             NaN
   3.4712082e+00  -2.8791802e-02             NaN
   3.7212082e+00  -2.8791802e-02             NaN
   3.9712082e+00  -2.8791802e-02             NaN
   4.2212082e+00  -2.8791802e-02             NaN
   4.4712082e+00  -2.8791802e-02             NaN
   4.7212082e+00  -2.8791802e-02             NaN
   4.9712082e+00  -2.8791802e-02             NaN
   5.2212082e+00  -2.8791802e-02             NaN
   5.4712082e+00  -2.8791802e-02             NaN
   5.7212082e+00  -2.8791802e-02             NaN
   5.9712082e+00  -2.8791802e-02             NaN
   6.2212082e+00  -2.8791802e-02             NaN
   6.4712082e+00  -2.8791802e-02             NaN
   6.7212082e+00  -2.8791802e-02             NaN
   6.9712082e+00  -2.8791802e-02             NaN
   7.2212082e+00  -2.8791802e-02             NaN
   7.4712082e+00  -2.8791802e-02             NaN
   7.7212082e+00  -2.8791802e-02             NaN
   7.9712082e+00  -2.8791802e-02             NaN
   8.2212082e+00  -2.8791802e-02             NaN
   8.4712082e+00  -2.8791802e-02             NaN
   8.7212082e+00  -2.8791802e-02             NaN
   8.9712082e+00  -2.8791802e-02             NaN
   9.2212082e+00  -2.8791802e-02             NaN
   9.4712082e+00  -2.8791802e-02             NaN
   9.7212082e+00  -2.8791802e-02             NaN
   9.9712082e+00  -2.8791802e-02             NaN
   1.0221208e+01  -2.8791802e-02             NaN
   1.0471208e+01  -2.8791802e-02             NaN
   1.0721208e+01  -2.8791802e-02             NaN
   1.0971208e+01  -2.8791802e-02             NaN
   1.1221208e+01  -2.8791802e-02             NaN
   1.1471208e+01  -2.8791802e-02             NaN
   1.1721208e+01  -2.8791802e-02             NaN
   1.1971208e+01  -2.8791802e-02             NaN
   1.2221208e+01  -2.8791802e-02             NaN
   1.2471208e+01  -2.8791802e-02             NaN
   1.2721208e+01  -2.8791802e-02             NaN
   1.2971208e+01  -2.8791802e-02             NaN
   1.3221208e+01  -2.8791802e-02             NaN
   1.3471208e+01  -2.8791802e-02             NaN
   1.3721208e+01  -2.8791802e-02             NaN
   1.3971208e+01  -2.8791802e-02             NaN
   1.4221208e+01  -2.8791802e-02             NaN
   1.4471208e+01  -2.8791802e-02             NaN
   1.4721208e+01  -2.8791802e-02             NaN
   1.4971208e+01  -2.8791802e-02             NaN
   1.5221208e+01  -2.8791802e-02             NaN
   1.5471208e+01  -2.8791802e-02             NaN
   1.5721208e+01  -2.8791802e-02             NaN
   1.5971208e+01  -2.8791802e-02             NaN
   1.6221208e+01  -2.8791802e-02             NaN
   1.6471208e+01  -2.8791802e-02             NaN
   1.6721208e+01  -2.8791802e-02             NaN
   1.6971208e+01  -2.8791802e-02             NaN
   1.7221208e+01  -2.8791802e-02             NaN
   1.7471208e+01  -2.8791802e-02             NaN
   1.7600124e+01  -2.4876171e-02             NaN
   1.7725124e+01  -2.4876171e-02             NaN
   1.0012383e-01  -9.1076171e-02             NaN
   2.2512383e-01  -9.1076171e-02   1.9334277e-01
   4.7120820e-01  -9.4991802e-02   2.0092570e-01
   7.2120820e-01  -9.4991802e-02   2.0565932e-01
   9.7120820e-01  -9.4991802e-02   1.8546674e-01
   1.2212082e+00  -9.4991802e-02   1.8544993e-01
   1.4712082e+00  -9.4991802e-02   1.8421178e-01
   1.7212082e+00  -9.4991802e-02   1.9891794e-01
   1.9712082e+00  -9.4991802e-02   2.0801879e-01
   2.2212082e+00  -9.4991802e-02   1.9657268e-01
   2.4712082e+00  -9.4991802e-02   1.9882889e-01
   2.7212082e+00  -9.4991802e-02   1.9807230e-01
   2.9712082e+00  -9.4991802e-02   1.8951676e-01
   3.2212082e+00  -9.4991802e-02   1.8411600e-01
   3.4712082e+00  -9.4991802e-02   1.9261912e-01
   3.7212082e+00  -9.4991802e-02   1.8206014e-01
   3.9712082e+00  -9.4991802e-02   1.7666619e-01
   4.2212082e+00  -9.4991802e-02   1.7277074e-01
   4.4712082e+00  -9.4991802e-02   1.7068897e-01
   4.7212082e+00  -9.4991802e-02   1.7439908e-01
   4.9712082e+00  -9.4991802e-02   1.5710430e-01
   5.2212082e+00  -9.4991802e-02   1.4449158e-01
   5.4712082e+00  -9.4991802e-02   1.3547541e-01
   5.7212082e+00  -9.4991802e-02   1.3502489e-01
   5.9712082e+00  -9.4991802e-02   1.4147019e-01
   6.2212082e+00  -9.4991802e-02   1.3682649e-01
   6.4712082e+00  -9.4991802e-02   1.4578313e-01
   6.7212082e+00  -9.4991802e-02   1.6405853e-01
   6.9712082e+00  -9.4991802e-02   1.8947753e-01
   7.2212082e+00  -9.4991802e-02   1.7952748e-01
   7.4712082e+00  -9.4991802e-02   1.7841755e-01
   7.7212082e+00  -9.4991802e-02   1.7459910e-01
   7.9712082e+00  -9.4991802e-02   1.6887153e-01
   8.2212082e+00  -9.4991802e-02   1.5992175e-01
   8.4712082e+00  -9.4991802e-02   1.4987193e-01
   8.7212082e+00  -9.4991802e-02   1.5214952e-01
   8.9712082e+00  -9.4991802e-02   1.5963340e-01
   9.2212082e+00  -9.4991802e-02   1.6560523e-01
   9.4712082e+00  -9.4991802e-02   1.7093861e-01
   9.7212082e+00  -9.4991802e-02   1.7176117e-01
   9.9712082e+00  -9.4991802e-02   1.7839993e-01
   1.0221208e+01  -9.4991802e-02   1.4253257e-01
   1.0471208e+01  -9.4991802e-02   1.4950531e-01
   1.0721208e+01  -9.4991802e-02   1.6102888e-01
   1.0971208e+01  -9.4991802e-02   1.5667261e-01
   1.1221208e+01  -9.4991802e-02   1.6114713e-01
   1.1471208e+01  -9.4991802e-02   1.6598627e-01
   1.1721208e+01  -9.4991802e-02   1.6561345e-01
   1.1971208e+01  -9.4991802e-02   1.6268002e-01
   1.2221208e+01  -9.4991802e-02   1.4560826e-01
   1.2471208e+01  -9.4991802e-02   1.4882162e-01
   1.2721208e+01  -9.4991802e-02   1.4906540e-01
   1.2971208e+01  -9.4991802e-02   1.6021394e-01
   1.3221208e+01  -9.4991802e-02   1.5440853e-01
   1.3471208e+01  -9.4991802e-02   1.6590849e-01
   1.3721208e+01  -9.4991802e-02   1.5396765e-01
   1.3971208e+01  -9.4991802e-02   1.7546385e-01
   1.4221208e+01  -9.4991802e-02   1.7558334e-01
   1.4471208e+01  -9.4991802e-02   1.5817406e-01
   1.4721208e+01  -9.4991802e-02   1.9117407e-01
   1.4971208e+01  -9.4991802e-02   1.8775417e-01
   1.5221208e+01  -9.4991802e-02   1.7815921e-01
   1.5471208e+01  -9.4991802e-02   1.9472168e-01
   1.5721208e+01  -9.4991802e-02   1.7302588e-01
   1.5971208e+01  -9.4991802e-02   1.5938510e-01
   1.6221208e+01  -9.4991802e-02   1.8924684e-01
   1.6471208e+01  -9.4991802e-02   1.6380911e-01
   1.6721208e+01  -9.4991802e-02   1.7426700e-01
   1.6971208e+01  -9.4991802e-02   1.9713798e-01
   1.7221208e+01  -9.4991802e-02   1.8521368e-01
   1.7471208e+01  -9.4991802e-02   1.7134087e-01
   1.7600124e+01  -9.1076171e-02   1.7404597e-01
   1.7725124e+01  -9.1076171e-02             NaN
   8.5643547e-02  -1.7175645e-01             NaN
   2.1064355e-01  -1.7175645e-01   1.9331469e-01
   4.4684427e-01  -1.8555573e-01   2.0081411e-01
   6.9684427e-01  -1.8555573e-01   2.0083225e-01
   9.4684427e-01  -1.8555573e-01   1.8507770e-01
   1.1968443e+00  -1.8555573e-01   1.8427863e-01
   1.4468443e+00  -1.8555573e-01   1.8386232e-01
   1.6968443e+00  -1.8555573e-01   1.9658086e-01
   1.9468443e+00  -1.8555573e-01   2.0800191e-01
   2.1968443e+00  -1.8555573e-01   1.9723415e-01
   2.4468443e+00  -1.8555573e-01   1.9723296e-01
   2.6968443e+00  -1.8555573e-01   1.7886455e-01
   2.9468443e+00  -1.8555573e-01   1.7883706e-01
   3.1968443e+00  -1.8555573e-01   1.8201000e-01
   3.4468443e+00  -1.8555573e-01   1.9260427e-01
   3.6968443e+00  -1.8555573e-01   1.8003710e-01
   3.9468443e+00  -1.8555573e-01   1.6996494e-01
   4.1968443e+00  -1.8555573e-01   1.7166951e-01
   4.4468443e+00  -1.8555573e-01   1.7550997e-01
   4.6968443e+00  -1.8555573e-01   1.7053907e-01
   4.9468443e+00  -1.8555573e-01   1.5623103e-01
   5.1968443e+00  -1.8555573e-01   1.4393136e-01
   5.4468443e+00  -1.8555573e-01   1.3543628e-01
   5.6968443e+00  -1.8555573e-01   1.3583394e-01
   5.9468443e+00  -1.8555573e-01   1.3597504e-01
   6.1968443e+00  -1.8555573e-01   1.2831848e-01
   6.4468443e+00  -1.8555573e-01   1.4495659e-01
   6.6968443e+00  -1.8555573e-01   1.6355086e-01
   6.9468443e+00  -1.8555573e-01   1.6948767e-01
   7.1968443e+00  -1.8555573e-01   1.7951235e-01
   7.4468443e+00  -1.8555573e-01   1.7842784e-01
   7.6968443e+00  -1.8555573e-01   1.3996700e-01
   7.9468443e+00  -1.8555573e-01   1.3822758e-01
   8.1968443e+00  -1.8555573e-01   1.3821034e-01
   8.4468443e+00  -1.8555573e-01   1.4506242e-01
   8.6968443e+00  -1.8555573e-01   1.5199608e-01
   8.9468443e+00  -1.8555573e-01   1.5314246e-01
   9.1968443e+00  -1.8555573e-01   1.5341160e-01
   9.4468443e+00  -1.8555573e-01   1.5878851e-01
   9.6968443e+00  -1.8555573e-01   1.7176729e-01
   9.9468443e+00  -1.8555573e-01   1.7219205e-01
   1.0196844e+01  -1.8555573e-01   1.1902895e-01
   1.0446844e+01  -1.8555573e-01   1.4950531e-01
   1.0696844e+01  -1.8555573e-01   1.5195189e-01
   1.0946844e+01  -1.8555573e-01   1.4672455e-01
   1.1196844e+01  -1.8555573e-01   1.5440486e-01
   1.1446844e+01  -1.8555573e-01   1.6785052e-01
   1.1696844e+01  -1.8555573e-01   1.5956288e-01
   1.1946844e+01  -1.8555573e-01   1.1734849e-01
   1.2196844e+01  -1.8555573e-01   1.4541513e-01
   1.2446844e+01  -1.8555573e-01   1.4419959e-01
   1.2696844e+01  -1.8555573e-01   1.2830039e-01
   1.2946844e+01  -1.8555573e-01   1.5046570e-01
   1.3196844e+01  -1.8555573e-01   1.5356847e-01
   1.3446844e+01  -1.8555573e-01   1.5357204e-01
   1.3696844e+01  -1.8555573e-01   1.5396403e-01
   1.3946844e+01  -1.8555573e-01   1.6577458e-01
   1.4196844e+01  -1.8555573e-01   1.6560677e-01
   1.4446844e+01  -1.8555573e-01   1.5817818e-01
   1.4696844e+01  -1.8555573e-01   1.6408554e-01
   1.4946844e+01  -1.8555573e-01   1.6427470e-01
   1.5196844e+01  -1.8555573e-01   1.6244048e-01
   1.5446844e+01  -1.8555573e-01   1.6246670e-01
   1.5696844e+01  -1.8555573e-01   1.7210299e-01
   1.5946844e+01  -1.8555573e-01   1.5936758e-01
   1.6196844e+01  -1.8555573e-01   1.8967113e-01
   1.6446844e+01  -1.8555573e-01   1.7267646e-01
   1.6696844e+01  -1.8555573e-01   1.7253551e-01
   1.6946844e+01  -1.8555573e-01   1.7526106e-01
   1.7196844e+01  -1.8555573e-01   1.7535083e-01
   1.7446844e+01  -1.8555573e-01   1.7194028e-01
   1.7585644e+01  -1.7175645e-01   1.7396262e-01
   1.7710644e+01  -1.7175645e-01             NaN
   8.3998100e-02  -3.1904190e-01             NaN
   2.0899810e-01  -3.1904190e-01   1.9296540e-01
   4.4336123e-01  -3.3467877e-01   1.9302323e-01
   6.9336123e-01  -3.3467877e-01   1.8291869e-01
   9.4336123e-01  -3.3467877e-01   1.6235167e-01
   1.1933612e+00  -3.3467877e-01   1.5829372e-01
   1.4433612e+00  -3.3467877e-01   1.5810823e-01
   1.6933612e+00  -3.3467877e-01   1.6543467e-01
   1.9433612e+00  -3.3467877e-01   2.0765958e-01
   2.1933612e+00  -3.3467877e-01   1.9722226e-01
   2.4433612e+00  -3.3467877e-01   1.9592633e-01
   2.6933612e+00  -3.3467877e-01   1.6425692e-01
   2.9433612e+00  -3.3467877e-01   1.6402272e-01
   3.1933612e+00  -3.3467877e-01   1.6940799e-01
   3.4433612e+00  -3.3467877e-01   1.8665515e-01
   3.6933612e+00  -3.3467877e-01   1.3331186e-01
   3.9433612e+00  -3.3467877e-01   1.1174042e-01
   4.1933612e+00  -3.3467877e-01   1.7161463e-01
   4.4433612e+00  -3.3467877e-01   1.7577220e-01
   4.6933612e+00  -3.3467877e-01   1.0297454e-01
   4.9433612e+00  -3.3467877e-01   1.0437220e-01
   5.1933612e+00  -3.3467877e-01   1.2789648e-01
   5.4433612e+00  -3.3467877e-01   1.3536600e-01
   5.6933612e+00  -3.3467877e-01   1.3592329e-01
   5.9433612e+00  -3.3467877e-01   1.3572116e-01
   6.1933612e+00  -3.3467877e-01   1.1092063e-01
   6.4433612e+00  -3.3467877e-01   1.4340714e-01
   6.6933612e+00  -3.3467877e-01   1.6321018e-01
   6.9433612e+00  -3.3467877e-01   1.6706514e-01
   7.1933612e+00  -3.3467877e-01   1.7945340e-01
   7.4433612e+00  -3.3467877e-01   1.7840874e-01
   7.6933612e+00  -3.3467877e-01   1.3550478e-01
   7.9433612e+00  -3.3467877e-01   1.2442498e-01
   8.1933612e+00  -3.3467877e-01   1.2448489e-01
   8.4433612e+00  -3.3467877e-01   1.4105145e-01
   8.6933612e+00  -3.3467877e-01   1.5186031e-01
   8.9433612e+00  -3.3467877e-01   1.5109076e-01
   9.1933612e+00  -3.3467877e-01   1.1812263e-01
   9.4433612e+00  -3.3467877e-01   1.1806190e-01
   9.6933612e+00  -3.3467877e-01   1.3858116e-01
   9.9433612e+00  -3.3467877e-01   1.3356303e-01
   1.0193361e+01  -3.3467877e-01   1.1459532e-01
   1.0443361e+01  -3.3467877e-01   1.4948018e-01
   1.0693361e+01  -3.3467877e-01   1.4857670e-01
   1.0943361e+01  -3.3467877e-01   9.5505681e-02
   1.1193361e+01  -3.3467877e-01   1.2491746e-01
   1.1443361e+01  -3.3467877e-01   1.6788833e-01
   1.1693361e+01  -3.3467877e-01   1.5764698e-01
   1.1943361e+01  -3.3467877e-01   1.1717041e-01
   1.2193361e+01  -3.3467877e-01   1.4158368e-01
   1.2443361e+01  -3.3467877e-01   1.3752898e-01
   1.2693361e+01  -3.3467877e-01   1.1560740e-01
   1.2943361e+01  -3.3467877e-01   1.2127171e-01
   1.3193361e+01  -3.3467877e-01   1.2201863e-01
   1.3443361e+01  -3.3467877e-01   1.2101997e-01
   1.3693361e+01  -3.3467877e-01   1.5097858e-01
   1.3943361e+01  -3.3467877e-01   1.5075214e-01
   1.4193361e+01  -3.3467877e-01   1.4916780e-01
   1.4443361e+01  -3.3467877e-01   1.4944880e-01
   1.4693361e+01  -3.3467877e-01   1.4907160e-01
   1.4943361e+01  -3.3467877e-01   1.4026615e-01
   1.5193361e+01  -3.3467877e-01   1.3385895e-01
   1.5443361e+01  -3.3467877e-01   1.3397190e-01
   1.5693361e+01  -3.3467877e-01   1.5916240e-01
   1.5943361e+01  -3.3467877e-01   1.5929720e-01
   1.6193361e+01  -3.3467877e-01   1.9018776e-01
   1.6443361e+01  -3.3467877e-01   1.7725504e-01
   1.6693361e+01  -3.3467877e-01   1.7250614e-01
   1.6943361e+01  -3.3467877e-01   1.7218833e-01
   1.7193361e+01  -3.3467877e-01   1.7205916e-01
   1.7443361e+01  -3.3467877e-01   1.7193967e-01
   1.7583998e+01  -3.1904190e-01   1.7370532e-01
   1.7708998e+01  -3.1904190e-01             NaN
   8.2415656e-02  -4.8082834e-01             NaN
   2.0741566e-01  -4.8082834e-01   1.7990771e-01
   4.3982173e-01  -4.9842227e-01   1.7901052e-01
   6.8982173e-01  -4.9842227e-01   1.6721811e-01
   9.3982173e-01  -4.9842227e-01   1.6023585e-01
   1.1898217e+00  -4.9842227e-01   1.5828546e-01
   1.4398217e+00  -4.9842227e-01   1.5811645e-01
   1.6898217e+00  -4.9842227e-01   1.6533874e-01
   1.9398217e+00  -4.9842227e-01   1.7952823e-01
   2.1898217e+00  -4.9842227e-01   1.7951537e-01
   2.4398217e+00  -4.9842227e-01   1.6958077e-01
   2.6898217e+00  -4.9842227e-01   1.4918645e-01
   2.9398217e+00  -4.9842227e-01   1.4134035e-01
   3.1898217e+00  -4.9842227e-01   1.4009319e-01
   3.4398217e+00  -4.9842227e-01   1.3907868e-01
   3.6898217e+00  -4.9842227e-01   1.1900163e-01
   3.9398217e+00  -4.9842227e-01   1.1170319e-01
   4.1898217e+00  -4.9842227e-01   1.9376844e-01
   4.4398217e+00  -4.9842227e-01   1.9610748e-01
   4.6898217e+00  -4.9842227e-01   9.1888543e-02
   4.9398217e+00  -4.9842227e-01   7.7359110e-02
   5.1898217e+00  -4.9842227e-01   7.8286646e-02
   5.4398217e+00  -4.9842227e-01   1.3586964e-01
   5.6898217e+00  -4.9842227e-01   1.7186964e-01
   5.9398217e+00  -4.9842227e-01   1.4872649e-01
   6.1898217e+00  -4.9842227e-01   1.0253396e-01
   6.4398217e+00  -4.9842227e-01   9.3435529e-02
   6.6898217e+00  -4.9842227e-01   9.3349261e-02
   6.9398217e+00  -4.9842227e-01   9.3413844e-02
   7.1898217e+00  -4.9842227e-01   9.4813382e-02
   7.4398217e+00  -4.9842227e-01   1.0395776e-01
   7.6898217e+00  -4.9842227e-01   1.1797007e-01
   7.9398217e+00  -4.9842227e-01   1.2420993e-01
   8.1898217e+00  -4.9842227e-01   1.3201467e-01
   8.4398217e+00  -4.9842227e-01   1.5441220e-01
   8.6898217e+00  -4.9842227e-01   1.5611867e-01
   8.9398217e+00  -4.9842227e-01   1.5347925e-01
   9.1898217e+00  -4.9842227e-01   1.1810744e-01
   9.4398217e+00  -4.9842227e-01   1.1803462e-01
   9.6898217e+00  -4.9842227e-01   1.3187156e-01
   9.9398217e+00  -4.9842227e-01   1.3183718e-01
   1.0189822e+01  -4.9842227e-01   1.1504820e-01
   1.0439822e+01  -4.9842227e-01   1.5533903e-01
   1.0689822e+01  -4.9842227e-01   1.5166784e-01
   1.0939822e+01  -4.9842227e-01   9.5404043e-02
   1.1189822e+01  -4.9842227e-01   9.7492174e-02
   1.1439822e+01  -4.9842227e-01   1.2695429e-01
   1.1689822e+01  -4.9842227e-01   1.2699588e-01
   1.1939822e+01  -4.9842227e-01   1.2545325e-01
   1.2189822e+01  -4.9842227e-01   1.3820603e-01
   1.2439822e+01  -4.9842227e-01   1.3757531e-01
   1.2689822e+01  -4.9842227e-01   1.1848097e-01
   1.2939822e+01  -4.9842227e-01   1.2121083e-01
   1.3189822e+01  -4.9842227e-01   1.2132351e-01
   1.3439822e+01  -4.9842227e-01   1.2104959e-01
   1.3689822e+01  -4.9842227e-01   1.5082416e-01
   1.3939822e+01  -4.9842227e-01   1.5070313e-01
   1.4189822e+01  -4.9842227e-01   1.4948018e-01
   1.4439822e+01  -4.9842227e-01   1.4943312e-01
   1.4689822e+01  -4.9842227e-01   1.4906540e-01
   1.4939822e+01  -4.9842227e-01   1.4014152e-01
   1.5189822e+01  -4.9842227e-01   1.3386450e-01
   1.5439822e+01  -4.9842227e-01   1.3394964e-01
   1.5689822e+01  -4.9842227e-01   1.5322720e-01
   1.5939822e+01  -4.9842227e-01   1.5930018e-01
   1.6189822e+01  -4.9842227e-01   1.9189788e-01
   1.6439822e+01  -4.9842227e-01   1.9189996e-01
   1.6689822e+01  -4.9842227e-01   1.7278584e-01
   1.6939822e+01  -4.9842227e-01   1.6551293e-01
   1.7189822e+01  -4.9842227e-01   1.6300968e-01
   1.7439822e+01  -4.9842227e-01   1.6252248e-01
   1.7582416e+01  -4.8082834e-01   1.6212926e-01
   1.7707416e+01  -4.8082834e-01             NaN
   8.0903925e-02  -6.5856408e-01             NaN
   2.0590392e-01  -6.5856408e-01   1.8000337e-01
   4.3625098e-01  -6.7821702e-01   1.7909643e-01
   6.8625098e-01  -6.7821702e-01   1.6738852e-01
   9.3625098e-01  -6.7821702e-01   1.6162433e-01
   1.1862510e+00  -6.7821702e-01   1.6152671e-01
   1.4362510e+00  -6.7821702e-01   1.6161977e-01
   1.6862510e+00  -6.7821702e-01   1.6823497e-01
   1.9362510e+00  -6.7821702e-01   1.7952596e-01
   2.1862510e+00  -6.7821702e-01   1.7938173e-01
   2.4362510e+00  -6.7821702e-01   1.6943205e-01
   2.6862510e+00  -6.7821702e-01   1.4920512e-01
   2.9362510e+00  -6.7821702e-01   1.4137876e-01
   3.1862510e+00  -6.7821702e-01   1.4004954e-01
   3.4362510e+00  -6.7821702e-01   1.3889938e-01
   3.6862510e+00  -6.7821702e-01   1.1931660e-01
   3.9362510e+00  -6.7821702e-01   1.1798518e-01
   4.1862510e+00  -6.7821702e-01   2.2355481e-01
   4.4362510e+00  -6.7821702e-01   2.2364383e-01
   4.6862510e+00  -6.7821702e-01   1.0799977e-01
   4.9362510e+00  -6.7821702e-01   7.7367078e-02
   5.1862510e+00  -6.7821702e-01   7.8230511e-02
   5.4362510e+00  -6.7821702e-01   1.3541870e-01
   5.6862510e+00  -6.7821702e-01   1.7369628e-01
   5.9362510e+00  -6.7821702e-01   1.8014617e-01
   6.1862510e+00  -6.7821702e-01   1.7880736e-01
   6.4362510e+00  -6.7821702e-01   9.5932793e-02
   6.6862510e+00  -6.7821702e-01   9.3593305e-02
   6.9362510e+00  -6.7821702e-01   9.3640091e-02
   7.1862510e+00  -6.7821702e-01   9.4782370e-02
   7.4362510e+00  -6.7821702e-01   1.0391938e-01
   7.6862510e+00  -6.7821702e-01   1.1887488e-01
   7.9362510e+00  -6.7821702e-01   1.3830314e-01
   8.1862510e+00  -6.7821702e-01   1.4824608e-01
   8.4362510e+00  -6.7821702e-01   1.5639056e-01
   8.6862510e+00  -6.7821702e-01   1.5636327e-01
   8.9362510e+00  -6.7821702e-01   1.5416366e-01
   9.1862510e+00  -6.7821702e-01   1.2457240e-01
   9.4362510e+00  -6.7821702e-01   1.2455671e-01
   9.6862510e+00  -6.7821702e-01   1.3263885e-01
   9.9362510e+00  -6.7821702e-01   1.4103483e-01
   1.0186251e+01  -6.7821702e-01   1.4843978e-01
   1.0436251e+01  -6.7821702e-01   1.8979348e-01
   1.0686251e+01  -6.7821702e-01   1.8994596e-01
   1.0936251e+01  -6.7821702e-01   9.7431385e-02
   1.1186251e+01  -6.7821702e-01   9.7541825e-02
   1.1436251e+01  -6.7821702e-01   1.2691134e-01
   1.1686251e+01  -6.7821702e-01   1.3192320e-01
   1.1936251e+01  -6.7821702e-01   1.3678751e-01
   1.2186251e+01  -6.7821702e-01   1.3867736e-01
   1.2436251e+01  -6.7821702e-01   1.3867079e-01
   1.2686251e+01  -6.7821702e-01   1.3842661e-01
   1.2936251e+01  -6.7821702e-01   1.3833774e-01
   1.3186251e+01  -6.7821702e-01   1.3814362e-01
   1.3436251e+01  -6.7821702e-01   1.3806205e-01
   1.3686251e+01  -6.7821702e-01   1.5803432e-01
   1.3936251e+01  -6.7821702e-01   1.8162484e-01
   1.4186251e+01  -6.7821702e-01   1.8180286e-01
   1.4436251e+01  -6.7821702e-01   1.8182939e-01
   1.4686251e+01  -6.7821702e-01   1.8156408e-01
   1.4936251e+01  -6.7821702e-01   1.5386288e-01
   1.5186251e+01  -6.7821702e-01   1.4785635e-01
   1.5436251e+01  -6.7821702e-01   1.4784741e-01
   1.5686251e+01  -6.7821702e-01   1.5330509e-01
   1.5936251e+01  -6.7821702e-01   1.6473870e-01
   1.6186251e+01  -6.7821702e-01   1.9200639e-01
   1.6436251e+01  -6.7821702e-01   1.9200535e-01
   1.6686251e+01  -6.7821702e-01   1.7382953e-01
   1.6936251e+01  -6.7821702e-01   1.6547199e-01
   1.7186251e+01  -6.7821702e-01   1.6290323e-01
   1.7436251e+01  -6.7821702e-01   1.6235447e-01
   1.7580904e+01  -6.5856408e-01   1.6196919e-01
   1.7705904e+01  -6.5856408e-01             NaN
   7.9468876e-02  -8.5384612e-01             NaN
   2.0446888e-01  -8.5384612e-01   1.8183824e-01
   4.3267634e-01  -8.7563866e-01   1.8201808e-01
   6.8267634e-01  -8.7563866e-01   1.8222478e-01
   9.3267634e-01  -8.7563866e-01   1.8238768e-01
   1.1826763e+00  -8.7563866e-01   1.8244977e-01
   1.4326763e+00  -8.7563866e-01   1.8236483e-01
   1.6826763e+00  -8.7563866e-01   1.8202374e-01
   1.9326763e+00  -8.7563866e-01   1.8140865e-01
   2.1826763e+00  -8.7563866e-01   1.7931697e-01
   2.4326763e+00  -8.7563866e-01   1.6928509e-01
   2.6826763e+00  -8.7563866e-01   1.4926742e-01
   2.9326763e+00  -8.7563866e-01   1.4147501e-01
   3.1826763e+00  -8.7563866e-01   1.4008170e-01
   3.4326763e+00  -8.7563866e-01   1.3882005e-01
   3.6826763e+00  -8.7563866e-01   1.3586766e-01
   3.9326763e+00  -8.7563866e-01   1.3532314e-01
   4.1826763e+00  -8.7563866e-01   2.2367644e-01
   4.4326763e+00  -8.7563866e-01   2.2376134e-01
   4.6826763e+00  -8.7563866e-01   1.8153375e-01
   4.9326763e+00  -8.7563866e-01   7.8508863e-02
   5.1826763e+00  -8.7563866e-01   7.8488924e-02
   5.4326763e+00  -8.7563866e-01   1.0340457e-01
   5.6826763e+00  -8.7563866e-01   1.7246369e-01
   5.9326763e+00  -8.7563866e-01   1.8036295e-01
   6.1826763e+00  -8.7563866e-01   1.8164404e-01
   6.4326763e+00  -8.7563866e-01   1.8161124e-01
   6.6826763e+00  -8.7563866e-01   1.6684783e-01
   6.9326763e+00  -8.7563866e-01   1.4326342e-01
   7.1826763e+00  -8.7563866e-01   1.3846572e-01
   7.4326763e+00  -8.7563866e-01   1.3748693e-01
   7.6826763e+00  -8.7563866e-01   1.3733188e-01
   7.9326763e+00  -8.7563866e-01   1.3845920e-01
   8.1826763e+00  -8.7563866e-01   1.4790405e-01
   8.4326763e+00  -8.7563866e-01   1.5609547e-01
   8.6826763e+00  -8.7563866e-01   1.5610320e-01
   8.9326763e+00  -8.7563866e-01   1.5443789e-01
   9.1826763e+00  -8.7563866e-01   1.4835186e-01
   9.4326763e+00  -8.7563866e-01   1.4835792e-01
   9.6826763e+00  -8.7563866e-01   1.6507026e-01
   9.9326763e+00  -8.7563866e-01   1.9973698e-01
   1.0182676e+01  -8.7563866e-01   2.0288874e-01
   1.0432676e+01  -8.7563866e-01   2.0460726e-01
   1.0682676e+01  -8.7563866e-01   2.0506050e-01
   1.0932676e+01  -8.7563866e-01   1.2893490e-01
   1.1182676e+01  -8.7563866e-01   1.2887939e-01
   1.1432676e+01  -8.7563866e-01   1.2943497e-01
   1.1682676e+01  -8.7563866e-01   1.7141169e-01
   1.1932676e+01  -8.7563866e-01   2.0717971e-01
   1.2182676e+01  -8.7563866e-01   2.0737132e-01
   1.2432676e+01  -8.7563866e-01   2.0699944e-01
   1.2682676e+01  -8.7563866e-01   2.0056732e-01
   1.2932676e+01  -8.7563866e-01   1.8828125e-01
   1.3182676e+01  -8.7563866e-01   1.7688397e-01
   1.3432676e+01  -8.7563866e-01   1.7600949e-01
   1.3682676e+01  -8.7563866e-01   1.7602807e-01
   1.3932676e+01  -8.7563866e-01   2.2761766e-01
   1.4182676e+01  -8.7563866e-01   2.3877316e-01
   1.4432676e+01  -8.7563866e-01   2.3975297e-01
   1.4682676e+01  -8.7563866e-01   2.4004521e-01
   1.4932676e+01  -8.7563866e-01   2.3996589e-01
   1.5182676e+01  -8.7563866e-01   2.3083161e-01
   1.5432676e+01  -8.7563866e-01   2.1561890e-01
   1.5682676e+01  -8.7563866e-01   2.0886975e-01
   1.5932676e+01  -8.7563866e-01   1.9546499e-01
   1.6182676e+01  -8.7563866e-01   1.9432130e-01
   1.6432676e+01  -8.7563866e-01   1.9317999e-01
   1.6682676e+01  -8.7563866e-01   1.7521121e-01
   1.6932676e+01  -8.7563866e-01   1.6554059e-01
   1.7182676e+01  -8.7563866e-01   1.6287905e-01
   1.7432676e+01  -8.7563866e-01   1.6232507e-01
   1.7579469e+01  -8.5384612e-01   1.6196273e-01
   1.7704469e+01  -8.5384612e-01             NaN
   7.8114419e-02  -1.0684326e+00             NaN
   2.0311442e-01  -1.0684326e+00   1.9274344e-01
   4.2912557e-01  -1.0924214e+00   1.9276686e-01
   6.7912557e-01  -1.0924214e+00   1.9279455e-01
   9.2912557e-01  -1.0924214e+00   1.9278070e-01
   1.1791256e+00  -1.0924214e+00   1.9267539e-01
   1.4291256e+00  -1.0924214e+00   1.9199803e-01
   1.6791256e+00  -1.0924214e+00   1.8844802e-01
   1.9291256e+00  -1.0924214e+00   1.8288477e-01
   2.1791256e+00  -1.0924214e+00   1.7914508e-01
   2.4291256e+00  -1.0924214e+00   1.6909785e-01
   2.6791256e+00  -1.0924214e+00   1.4934860e-01
   2.9291256e+00  -1.0924214e+00   1.4161272e-01
   3.1791256e+00  -1.0924214e+00   1.4118958e-01
   3.4291256e+00  -1.0924214e+00   1.4094947e-01
   3.6791256e+00  -1.0924214e+00   1.4083368e-01
   3.9291256e+00  -1.0924214e+00   1.4736282e-01
   4.1791256e+00  -1.0924214e+00   2.2334270e-01
   4.4291256e+00  -1.0924214e+00   2.2338375e-01
   4.6791256e+00  -1.0924214e+00   2.0643942e-01
   4.9291256e+00  -1.0924214e+00   1.0330211e-01
   5.1791256e+00  -1.0924214e+00   1.0247753e-01
   5.4291256e+00  -1.0924214e+00   1.0339120e-01
   5.6791256e+00  -1.0924214e+00   1.5858895e-01
   5.9291256e+00  -1.0924214e+00   1.8014848e-01
   6.1791256e+00  -1.0924214e+00   1.8147473e-01
   6.4291256e+00  -1.0924214e+00   1.8141183e-01
   6.6791256e+00  -1.0924214e+00   1.6750873e-01
   6.9291256e+00  -1.0924214e+00   1.4746560e-01
   7.1791256e+00  -1.0924214e+00   1.3852447e-01
   7.4291256e+00  -1.0924214e+00   1.3786125e-01
   7.6791256e+00  -1.0924214e+00   1.3775502e-01
   7.9291256e+00  -1.0924214e+00   1.3848964e-01
   8.1791256e+00  -1.0924214e+00   1.4713500e-01
   8.4291256e+00  -1.0924214e+00   1.5475525e-01
   8.6791256e+00  -1.0924214e+00   1.5506828e-01
   8.9291256e+00  -1.0924214e+00   1.5507203e-01
   9.1791256e+00  -1.0924214e+00   1.5519961e-01
   9.4291256e+00  -1.0924214e+00   1.6381447e-01
   9.6791256e+00  -1.0924214e+00   2.1540968e-01
   9.9291256e+00  -1.0924214e+00   2.1706426e-01
   1.0179126e+01  -1.0924214e+00   2.1692700e-01
   1.0429126e+01  -1.0924214e+00   2.1669855e-01
   1.0679126e+01  -1.0924214e+00   2.1452722e-01
   1.0929126e+01  -1.0924214e+00   1.7092606e-01
   1.1179126e+01  -1.0924214e+00   1.7082102e-01
   1.1429126e+01  -1.0924214e+00   1.7125752e-01
   1.1679126e+01  -1.0924214e+00   1.8074710e-01
   1.1929126e+01  -1.0924214e+00   2.1373872e-01
   1.2179126e+01  -1.0924214e+00   2.1591713e-01
   1.2429126e+01  -1.0924214e+00   2.1584010e-01
   1.2679126e+01  -1.0924214e+00   2.1279587e-01
   1.2929126e+01  -1.0924214e+00   2.0478342e-01
   1.3179126e+01  -1.0924214e+00   2.0049653e-01
   1.3429126e+01  -1.0924214e+00   1.9936735e-01
   1.3679126e+01  -1.0924214e+00   1.9932982e-01
   1.3929126e+01  -1.0924214e+00   2.4405391e-01
   1.4179126e+01  -1.0924214e+00   2.6509226e-01
   1.4429126e+01  -1.0924214e+00   2.6856214e-01
   1.4679126e+01  -1.0924214e+00   2.6946444e-01
   1.4929126e+01  -1.0924214e+00   2.6961358e-01
   1.5179126e+01  -1.0924214e+00   2.6949636e-01
   1.5429126e+01  -1.0924214e+00   2.6838445e-01
   1.5679126e+01  -1.0924214e+00   2.5524840e-01
   1.5929126e+01  -1.0924214e+00   2.3102681e-01
   1.6179126e+01  -1.0924214e+00   2.1107034e-01
   1.6429126e+01  -1.0924214e+00   2.0330879e-01
   1.6679126e+01  -1.0924214e+00   1.8212331e-01
   1.6929126e+01  -1.0924214e+00   1.6903716e-01
   1.7179126e+01  -1.0924214e+00   1.6396589e-01
   1.7429126e+01  -1.0924214e+00   1.6335652e-01
   1.7578114e+01  -1.0684326e+00   1.6313032e-01
   1.7703114e+01  -1.0684326e+00             NaN
   7.6842620e-02  -1.3042594e+00             NaN
   2.0184262e-01  -1.3042594e+00   2.0258217e-01
   4.2562598e-01  -1.3304760e+00   2.0254704e-01
   6.7562598e-01  -1.3304760e+00   2.0247013e-01
   9.2562598e-01  -1.3304760e+00   2.0232211e-01
   1.1756260e+00  -1.3304760e+00   2.0192902e-01
   1.4256260e+00  -1.3304760e+00   1.9915262e-01
   1.6756260e+00  -1.3304760e+00   1.9138747e-01
   1.9256260e+00  -1.3304760e+00   1.8325959e-01
   2.1756260e+00  -1.3304760e+00   1.7892183e-01
   2.4256260e+00  -1.3304760e+00   1.6893532e-01
   2.6756260e+00  -1.3304760e+00   1.4966912e-01
   2.9256260e+00  -1.3304760e+00   1.4864692e-01
   3.1756260e+00  -1.3304760e+00   1.4852490e-01
   3.4256260e+00  -1.3304760e+00   1.4849752e-01
   3.6756260e+00  -1.3304760e+00   1.4857670e-01
   3.9256260e+00  -1.3304760e+00   1.6805599e-01
   4.1756260e+00  -1.3304760e+00   2.1426106e-01
   4.4256260e+00  -1.3304760e+00   2.1431594e-01
   4.6756260e+00  -1.3304760e+00   2.0593630e-01
   4.9256260e+00  -1.3304760e+00   1.7952294e-01
   5.1756260e+00  -1.3304760e+00   1.5404011e-01
   5.4256260e+00  -1.3304760e+00   1.5395318e-01
   5.6756260e+00  -1.3304760e+00   1.5853852e-01
   5.9256260e+00  -1.3304760e+00   1.7967455e-01
   6.1756260e+00  -1.3304760e+00   1.8133872e-01
   6.4256260e+00  -1.3304760e+00   1.8117235e-01
   6.6756260e+00  -1.3304760e+00   1.6740150e-01
   6.9256260e+00  -1.3304760e+00   1.4756872e-01
   7.1756260e+00  -1.3304760e+00   1.3860518e-01
   7.4256260e+00  -1.3304760e+00   1.3802135e-01
   7.6756260e+00  -1.3304760e+00   1.3793799e-01
   7.9256260e+00  -1.3304760e+00   1.3853319e-01
   8.1756260e+00  -1.3304760e+00   1.4670159e-01
   8.4256260e+00  -1.3304760e+00   1.5448567e-01
   8.6756260e+00  -1.3304760e+00   1.5508326e-01
   8.9256260e+00  -1.3304760e+00   1.5639446e-01
   9.1756260e+00  -1.3304760e+00   1.7072817e-01
   9.4256260e+00  -1.3304760e+00   2.1483796e-01
   9.6756260e+00  -1.3304760e+00   2.2293208e-01
   9.9256260e+00  -1.3304760e+00   2.2274198e-01
   1.0175626e+01  -1.3304760e+00   2.2212580e-01
   1.0425626e+01  -1.3304760e+00   2.2002066e-01
   1.0675626e+01  -1.3304760e+00   2.1578881e-01
   1.0925626e+01  -1.3304760e+00   1.9748213e-01
   1.1175626e+01  -1.3304760e+00   1.9731267e-01
   1.1425626e+01  -1.3304760e+00   1.9741761e-01
   1.1675626e+01  -1.3304760e+00   2.0155408e-01
   1.1925626e+01  -1.3304760e+00   2.1400528e-01
   1.2175626e+01  -1.3304760e+00   2.1759841e-01
   1.2425626e+01  -1.3304760e+00   2.1754129e-01
   1.2675626e+01  -1.3304760e+00   2.1711324e-01
   1.2925626e+01  -1.3304760e+00   2.1636729e-01
   1.3175626e+01  -1.3304760e+00   2.1589511e-01
   1.3425626e+01  -1.3304760e+00   2.1577783e-01
   1.3675626e+01  -1.3304760e+00   2.1893843e-01
   1.3925626e+01  -1.3304760e+00   2.5611235e-01
   1.4175626e+01  -1.3304760e+00   2.7238469e-01
   1.4425626e+01  -1.3304760e+00   2.7471162e-01
   1.4675626e+01  -1.3304760e+00   2.7561149e-01
   1.4925626e+01  -1.3304760e+00   2.7584909e-01
   1.5175626e+01  -1.3304760e+00   2.7587291e-01
   1.5425626e+01  -1.3304760e+00   2.7571235e-01
   1.5675626e+01  -1.3304760e+00   2.7406753e-01
   1.5925626e+01  -1.3304760e+00   2.6358857e-01
   1.6175626e+01  -1.3304760e+00   2.5142119e-01
   1.6425626e+01  -1.3304760e+00   2.3830219e-01
   1.6675626e+01  -1.3304760e+00   2.1896198e-01
   1.6925626e+01  -1.3304760e+00   2.0553599e-01
   1.7175626e+01  -1.3304760e+00   2.0085689e-01
   1.7425626e+01  -1.3304760e+00   2.0035145e-01
   1.7576843e+01  -1.3042594e+00   2.0018517e-01
   1.7701843e+01  -1.3042594e+00             NaN
   7.5653911e-02  -1.5634581e+00             NaN
   2.0065391e-01  -1.5634581e+00   2.0992492e-01
   4.2220339e-01  -1.5919086e+00   2.0986402e-01
   6.7220339e-01  -1.5919086e+00   2.0973929e-01
   9.2220339e-01  -1.5919086e+00   2.0947660e-01
   1.1722034e+00  -1.5919086e+00   2.0828978e-01
   1.4222034e+00  -1.5919086e+00   2.0311125e-01
   1.6722034e+00  -1.5919086e+00   1.9311442e-01
   1.9222034e+00  -1.5919086e+00   1.8364910e-01
   2.1722034e+00  -1.5919086e+00   1.7874285e-01
   2.4222034e+00  -1.5919086e+00   1.6890200e-01
   2.6722034e+00  -1.5919086e+00   1.6221005e-01
   2.9222034e+00  -1.5919086e+00   1.6123869e-01
   3.1722034e+00  -1.5919086e+00   1.6113857e-01
   3.4222034e+00  -1.5919086e+00   1.6114173e-01
   3.6722034e+00  -1.5919086e+00   1.6136357e-01
   3.9222034e+00  -1.5919086e+00   1.7859571e-01
   4.1722034e+00  -1.5919086e+00   2.0205698e-01
   4.4222034e+00  -1.5919086e+00   2.0232346e-01
   4.6722034e+00  -1.5919086e+00   2.0238126e-01
   4.9222034e+00  -1.5919086e+00   1.9587226e-01
   5.1722034e+00  -1.5919086e+00   1.8401961e-01
   5.4222034e+00  -1.5919086e+00   1.8349165e-01
   5.6722034e+00  -1.5919086e+00   1.8327797e-01
   5.9222034e+00  -1.5919086e+00   1.8331308e-01
   6.1722034e+00  -1.5919086e+00   1.8279226e-01
   6.4222034e+00  -1.5919086e+00   1.8114785e-01
   6.6722034e+00  -1.5919086e+00   1.6728973e-01
   6.9222034e+00  -1.5919086e+00   1.4771072e-01
   7.1722034e+00  -1.5919086e+00   1.3896124e-01
   7.4222034e+00  -1.5919086e+00   1.3852229e-01
   7.6722034e+00  -1.5919086e+00   1.3845485e-01
   7.9222034e+00  -1.5919086e+00   1.3867298e-01
   8.1722034e+00  -1.5919086e+00   1.4669298e-01
   8.4222034e+00  -1.5919086e+00   1.5448934e-01
   8.6722034e+00  -1.5919086e+00   1.5701274e-01
   8.9222034e+00  -1.5919086e+00   1.7294168e-01
   9.1722034e+00  -1.5919086e+00   2.1088636e-01
   9.4222034e+00  -1.5919086e+00   2.2325426e-01
   9.6722034e+00  -1.5919086e+00   2.2327366e-01
   9.9222034e+00  -1.5919086e+00   2.2306927e-01
   1.0172203e+01  -1.5919086e+00   2.2237044e-01
   1.0422203e+01  -1.5919086e+00   2.2036152e-01
   1.0672203e+01  -1.5919086e+00   2.1759270e-01
   1.0922203e+01  -1.5919086e+00   2.1266597e-01
   1.1172203e+01  -1.5919086e+00   2.1246164e-01
   1.1422203e+01  -1.5919086e+00   2.1250243e-01
   1.1672203e+01  -1.5919086e+00   2.1296566e-01
   1.1922203e+01  -1.5919086e+00   2.1484512e-01
   1.2172203e+01  -1.5919086e+00   2.1808691e-01
   1.2422203e+01  -1.5919086e+00   2.1962252e-01
   1.2672203e+01  -1.5919086e+00   2.2113937e-01
   1.2922203e+01  -1.5919086e+00   2.2247205e-01
   1.3172203e+01  -1.5919086e+00   2.2451696e-01
   1.3422203e+01  -1.5919086e+00   2.2992439e-01
   1.3672203e+01  -1.5919086e+00   2.4467255e-01
   1.3922203e+01  -1.5919086e+00   2.6700335e-01
   1.4172203e+01  -1.5919086e+00   2.7468829e-01
   1.4422203e+01  -1.5919086e+00   2.7618340e-01
   1.4672203e+01  -1.5919086e+00   2.7679130e-01
   1.4922203e+01  -1.5919086e+00   2.7703384e-01
   1.5172203e+01  -1.5919086e+00   2.7711288e-01
   1.5422203e+01  -1.5919086e+00   2.7705207e-01
   1.5672203e+01  -1.5919086e+00   2.7684578e-01
   1.5922203e+01  -1.5919086e+00   2.7608768e-01
   1.6172203e+01  -1.5919086e+00   2.7462416e-01
   1.6422203e+01  -1.5919086e+00   2.6924677e-01
   1.6672203e+01  -1.5919086e+00   2.6163799e-01
   1.6922203e+01  -1.5919086e+00   2.5599579e-01
   1.7172203e+01  -1.5919086e+00   2.5444672e-01
   1.7422203e+01  -1.5919086e+00   2.5412861e-01
   1.7575654e+01  -1.5634581e+00   2.5399229e-01
   1.7700654e+01  -1.5634581e+00             NaN
   7.4547425e-02  -1.8483756e+00             NaN
   1.9954742e-01  -1.8483756e+00   2.1783530e-01
   4.1888140e-01  -1.8790416e+00   2.1776449e-01
   6.6888140e-01  -1.8790416e+00   2.1761938e-01
   9.1888140e-01  -1.8790416e+00   2.1716417e-01
   1.1688814e+00  -1.8790416e+00   2.1486484e-01
   1.4188814e+00  -1.8790416e+00   2.0734109e-01
   1.6688814e+00  -1.8790416e+00   1.9542630e-01
   1.9188814e+00  -1.8790416e+00   1.8472812e-01
   2.1688814e+00  -1.8790416e+00   1.7860973e-01
   2.4188814e+00  -1.8790416e+00   1.7566913e-01
   2.6688814e+00  -1.8790416e+00   1.7456535e-01
   2.9188814e+00  -1.8790416e+00   1.7434054e-01
   3.1688814e+00  -1.8790416e+00   1.7426897e-01
   3.4188814e+00  -1.8790416e+00   1.7429653e-01
   3.6688814e+00  -1.8790416e+00   1.7480954e-01
   3.9188814e+00  -1.8790416e+00   1.8582043e-01
   4.1688814e+00  -1.8790416e+00   2.0030534e-01
   4.4188814e+00  -1.8790416e+00   2.0052097e-01
   4.6688814e+00  -1.8790416e+00   2.0053255e-01
   4.9188814e+00  -1.8790416e+00   2.0002718e-01
   5.1688814e+00  -1.8790416e+00   1.9960963e-01
   5.4188814e+00  -1.8790416e+00   1.9902332e-01
   5.6688814e+00  -1.8790416e+00   1.9589296e-01
   5.9188814e+00  -1.8790416e+00   1.9333305e-01
   6.1688814e+00  -1.8790416e+00   1.8912423e-01
   6.4188814e+00  -1.8790416e+00   1.8184307e-01
   6.6688814e+00  -1.8790416e+00   1.6729512e-01
   6.9188814e+00  -1.8790416e+00   1.5677507e-01
   7.1688814e+00  -1.8790416e+00   1.5034927e-01
   7.4188814e+00  -1.8790416e+00   1.5002811e-01
   7.6688814e+00  -1.8790416e+00   1.4996746e-01
   7.9188814e+00  -1.8790416e+00   1.5003130e-01
   8.1688814e+00  -1.8790416e+00   1.5184000e-01
   8.4188814e+00  -1.8790416e+00   1.6184296e-01
   8.6688814e+00  -1.8790416e+00   1.8123960e-01
   8.9188814e+00  -1.8790416e+00   2.1000196e-01
   9.1688814e+00  -1.8790416e+00   2.2268233e-01
   9.4188814e+00  -1.8790416e+00   2.2319825e-01
   9.6688814e+00  -1.8790416e+00   2.2317028e-01
   9.9188814e+00  -1.8790416e+00   2.2297063e-01
   1.0168881e+01  -1.8790416e+00   2.2229016e-01
   1.0418881e+01  -1.8790416e+00   2.2072533e-01
   1.0668881e+01  -1.8790416e+00   2.1885021e-01
   1.0918881e+01  -1.8790416e+00   2.1784679e-01
   1.1168881e+01  -1.8790416e+00   2.1753177e-01
   1.1418881e+01  -1.8790416e+00   2.1745193e-01
   1.1668881e+01  -1.8790416e+00   2.1750134e-01
   1.1918881e+01  -1.8790416e+00   2.1767851e-01
   1.2168881e+01  -1.8790416e+00   2.1867427e-01
   1.2418881e+01  -1.8790416e+00   2.2037367e-01
   1.2668881e+01  -1.8790416e+00   2.2336430e-01
   1.2918881e+01  -1.8790416e+00   2.2842391e-01
   1.3168881e+01  -1.8790416e+00   2.3609961e-01
   1.3418881e+01  -1.8790416e+00   2.4746810e-01
   1.3668881e+01  -1.8790416e+00   2.6140762e-01
   1.3918881e+01  -1.8790416e+00   2.7125328e-01
   1.4168881e+01  -1.8790416e+00   2.7575393e-01
   1.4418881e+01  -1.8790416e+00   2.7690638e-01
   1.4668881e+01  -1.8790416e+00   2.7744851e-01
   1.4918881e+01  -1.8790416e+00   2.7771227e-01
   1.5168881e+01  -1.8790416e+00   2.7783536e-01
   1.5418881e+01  -1.8790416e+00   2.7785385e-01
   1.5668881e+01  -1.8790416e+00   2.7777994e-01
   1.5918881e+01  -1.8790416e+00   2.7760171e-01
   1.6168881e+01  -1.8790416e+00   2.7720422e-01
   1.6418881e+01  -1.8790416e+00   2.7622532e-01
   1.6668881e+01  -1.8790416e+00   2.7498069e-01
   1.6918881e+01  -1.8790416e+00   2.7414259e-01
   1.7168881e+01  -1.8790416e+00   2.7381995e-01
   1.7418881e+01  -1.8790416e+00   2.7363068e-01
   1.7574547e+01  -1.8483756e+00   2.7353914e-01
   1.7699547e+01  -1.8483756e+00             NaN
   7.3521120e-02  -2.1615939e+00             NaN
   1.9852112e-01  -2.1615939e+00   2.2829178e-01
   4.1568032e-01  -2.1944347e+00   2.2821987e-01
   6.6568032e-01  -2.1944347e+00   2.2808113e-01
   9.1568032e-01  -2.1944347e+00   2.2753023e-01
   1.1656803e+00  -2.1944347e+00   2.2460340e-01
   1.4156803e+00  -2.1944347e+00   2.1483437e-01
   1.6656803e+00  -2.1944347e+00   2.0078302e-01
   1.9156803e+00  -2.1944347e+00   1.9107188e-01
   2.1656803e+00  -2.1944347e+00   1.8801682e-01
   2.4156803e+00  -2.1944347e+00   1.8751751e-01
   2.6656803e+00  -2.1944347e+00   1.8732215e-01
   2.9156803e+00  -2.1944347e+00   1.8724799e-01
   3.1656803e+00  -2.1944347e+00   1.8725633e-01
   3.4156803e+00  -2.1944347e+00   1.8735000e-01
   3.6656803e+00  -2.1944347e+00   1.8797339e-01
   3.9156803e+00  -2.1944347e+00   1.9305325e-01
   4.1656803e+00  -2.1944347e+00   1.9939365e-01
   4.4156803e+00  -2.1944347e+00   1.9986599e-01
   4.6656803e+00  -2.1944347e+00   2.0013032e-01
   4.9156803e+00  -2.1944347e+00   2.0026056e-01
   5.1656803e+00  -2.1944347e+00   2.0043612e-01
   5.4156803e+00  -2.1944347e+00   2.0071573e-01
   5.6656803e+00  -2.1944347e+00   2.0115632e-01
   5.9156803e+00  -2.1944347e+00   2.0207567e-01
   6.1656803e+00  -2.1944347e+00   2.0339964e-01
   6.4156803e+00  -2.1944347e+00   2.0423039e-01
   6.6656803e+00  -2.1944347e+00   2.0487748e-01
   6.9156803e+00  -2.1944347e+00   2.0534227e-01
   7.1656803e+00  -2.1944347e+00   2.0573786e-01
   7.4156803e+00  -2.1944347e+00   2.0615330e-01
   7.6656803e+00  -2.1944347e+00   2.0662925e-01
   7.9156803e+00  -2.1944347e+00   2.0719326e-01
   8.1656803e+00  -2.1944347e+00   2.0787934e-01
   8.4156803e+00  -2.1944347e+00   2.1067867e-01
   8.6656803e+00  -2.1944347e+00   2.1760222e-01
   8.9156803e+00  -2.1944347e+00   2.2196831e-01
   9.1656803e+00  -2.1944347e+00   2.2271641e-01
   9.4156803e+00  -2.1944347e+00   2.2286792e-01
   9.6656803e+00  -2.1944347e+00   2.2285510e-01
   9.9156803e+00  -2.1944347e+00   2.2268872e-01
   1.0165680e+01  -2.1944347e+00   2.2210897e-01
   1.0415680e+01  -2.1944347e+00   2.2101805e-01
   1.0665680e+01  -2.1944347e+00   2.2010514e-01
   1.0915680e+01  -2.1944347e+00   2.1958469e-01
   1.1165680e+01  -2.1944347e+00   2.1933855e-01
   1.1415680e+01  -2.1944347e+00   2.1923374e-01
   1.1665680e+01  -2.1944347e+00   2.1922189e-01
   1.1915680e+01  -2.1944347e+00   2.1928513e-01
   1.2165680e+01  -2.1944347e+00   2.1953694e-01
   1.2415680e+01  -2.1944347e+00   2.2111055e-01
   1.2665680e+01  -2.1944347e+00   2.2512768e-01
   1.2915680e+01  -2.1944347e+00   2.3280695e-01
   1.3165680e+01  -2.1944347e+00   2.4368172e-01
   1.3415680e+01  -2.1944347e+00   2.5575101e-01
   1.3665680e+01  -2.1944347e+00   2.6700844e-01
   1.3915680e+01  -2.1944347e+00   2.7468245e-01
   1.4165680e+01  -2.1944347e+00   2.7710680e-01
   1.4415680e+01  -2.1944347e+00   2.7781688e-01
   1.4665680e+01  -2.1944347e+00   2.7820001e-01
   1.4915680e+01  -2.1944347e+00   2.7841120e-01
   1.5165680e+01  -2.1944347e+00   2.7852331e-01
   1.5415680e+01  -2.1944347e+00   2.7856073e-01
   1.5665680e+01  -2.1944347e+00   2.7854202e-01
   1.5915680e+01  -2.1944347e+00   2.7847969e-01
   1.6165680e+01  -2.1944347e+00   2.7838009e-01
   1.6415680e+01  -2.1944347e+00   2.7825584e-01
   1.6665680e+01  -2.1944347e+00   2.7812566e-01
   1.6915680e+01  -2.1944347e+00   2.7800195e-01
   1.7165680e+01  -2.1944347e+00   2.7789084e-01
   1.7415680e+01  -2.1944347e+00   2.7781072e-01
   1.7573521e+01  -2.1615939e+00   2.7776763e-01
   1.7698521e+01  -2.1615939e+00             NaN
   7.2572193e-02  -2.5059548e+00             NaN
   1.9757219e-01  -2.5059548e+00   2.4559095e-01
   4.1261706e-01  -2.5409099e+00   2.4552285e-01
   6.6261706e-01  -2.5409099e+00   2.4539033e-01
   9.1261706e-01  -2.5409099e+00   2.4458896e-01
   1.1626171e+00  -2.5409099e+00   2.3992324e-01
   1.4126171e+00  -2.5409099e+00   2.2703937e-01
   1.6626171e+00  -2.5409099e+00   2.0852363e-01
   1.9126171e+00  -2.5409099e+00   1.9846356e-01
   2.1626171e+00  -2.5409099e+00   1.9568871e-01
   2.4126171e+00  -2.5409099e+00   1.9524362e-01
   2.6626171e+00  -2.5409099e+00   1.9514863e-01
   2.9126171e+00  -2.5409099e+00   1.9514073e-01
   3.1626171e+00  -2.5409099e+00   1.9520854e-01
   3.4126171e+00  -2.5409099e+00   1.9537857e-01
   3.6626171e+00  -2.5409099e+00   1.9574140e-01
   3.9126171e+00  -2.5409099e+00   1.9661129e-01
   4.1626171e+00  -2.5409099e+00   1.9852238e-01
   4.4126171e+00  -2.5409099e+00   1.9937737e-01
   4.6626171e+00  -2.5409099e+00   1.9991289e-01
   4.9126171e+00  -2.5409099e+00   2.0030278e-01
   5.1626171e+00  -2.5409099e+00   2.0074160e-01
   5.4126171e+00  -2.5409099e+00   2.0134620e-01
   5.6626171e+00  -2.5409099e+00   2.0189577e-01
   5.9126171e+00  -2.5409099e+00   2.0297870e-01
   6.1626171e+00  -2.5409099e+00   2.0448551e-01
   6.4126171e+00  -2.5409099e+00   2.0528030e-01
   6.6626171e+00  -2.5409099e+00   2.1108680e-01
   6.9126171e+00  -2.5409099e+00   2.1411623e-01
   7.1626171e+00  -2.5409099e+00   2.1466982e-01
   7.4126171e+00  -2.5409099e+00   2.1519962e-01
   7.6626171e+00  -2.5409099e+00   2.1582727e-01
   7.9126171e+00  -2.5409099e+00   2.1658662e-01
   8.1626171e+00  -2.5409099e+00   2.1835154e-01
   8.4126171e+00  -2.5409099e+00   2.2003071e-01
   8.6626171e+00  -2.5409099e+00   2.2131885e-01
   8.9126171e+00  -2.5409099e+00   2.2194735e-01
   9.1626171e+00  -2.5409099e+00   2.2235141e-01
   9.4126171e+00  -2.5409099e+00   2.2247205e-01
   9.6626171e+00  -2.5409099e+00   2.2246993e-01
   9.9126171e+00  -2.5409099e+00   2.2233451e-01
   1.0162617e+01  -2.5409099e+00   2.2194106e-01
   1.0412617e+01  -2.5409099e+00   2.2128166e-01
   1.0662617e+01  -2.5409099e+00   2.2074165e-01
   1.0912617e+01  -2.5409099e+00   2.2041418e-01
   1.1162617e+01  -2.5409099e+00   2.2023012e-01
   1.1412617e+01  -2.5409099e+00   2.2014139e-01
   1.1662617e+01  -2.5409099e+00   2.2012930e-01
   1.1912617e+01  -2.5409099e+00   2.2017968e-01
   1.2162617e+01  -2.5409099e+00   2.2039797e-01
   1.2412617e+01  -2.5409099e+00   2.2199137e-01
   1.2662617e+01  -2.5409099e+00   2.2707910e-01
   1.2912617e+01  -2.5409099e+00   2.3702459e-01
   1.3162617e+01  -2.5409099e+00   2.5014419e-01
   1.3412617e+01  -2.5409099e+00   2.6237244e-01
   1.3662617e+01  -2.5409099e+00   2.7130272e-01
   1.3912617e+01  -2.5409099e+00   2.7664023e-01
   1.4162617e+01  -2.5409099e+00   2.7826825e-01
   1.4412617e+01  -2.5409099e+00   2.7876072e-01
   1.4662617e+01  -2.5409099e+00   2.7905570e-01
   1.4912617e+01  -2.5409099e+00   2.7924477e-01
   1.5162617e+01  -2.5409099e+00   2.7936483e-01
   1.5412617e+01  -2.5409099e+00   2.7943446e-01
   1.5662617e+01  -2.5409099e+00   2.7945980e-01
   1.5912617e+01  -2.5409099e+00   2.7945980e-01
   1.6162617e+01  -2.5409099e+00   2.7944079e-01
   1.6412617e+01  -2.5409099e+00   2.7940280e-01
   1.6662617e+01  -2.5409099e+00   2.7935851e-01
   1.6912617e+01  -2.5409099e+00   2.7930793e-01
   1.7162617e+01  -2.5409099e+00   2.7926371e-01
   1.7412617e+01  -2.5409099e+00   2.7922584e-01
   1.7572572e+01  -2.5059548e+00   2.7920060e-01
   1.7697572e+01  -2.5059548e+00             NaN
   7.1697125e-02  -2.8845829e+00             NaN
   1.9669712e-01  -2.8845829e+00   2.7946613e-01
   4.0970431e-01  -2.9215757e+00   2.7940280e-01
   6.5970431e-01  -2.9215757e+00   2.7920060e-01
   9.0970431e-01  -2.9215757e+00   2.7755877e-01
   1.1597043e+00  -2.9215757e+00   2.6208306e-01
   1.4097043e+00  -2.9215757e+00   2.3652437e-01
   1.6597043e+00  -2.9215757e+00   2.1317234e-01
   1.9097043e+00  -2.9215757e+00   2.0039377e-01
   2.1597043e+00  -2.9215757e+00   1.9706570e-01
   2.4097043e+00  -2.9215757e+00   1.9658203e-01
   2.6597043e+00  -2.9215757e+00   1.9650373e-01
   2.9097043e+00  -2.9215757e+00   1.9650957e-01
   3.1597043e+00  -2.9215757e+00   1.9658671e-01
   3.4097043e+00  -2.9215757e+00   1.9676377e-01
   3.6597043e+00  -2.9215757e+00   1.9706926e-01
   3.9097043e+00  -2.9215757e+00   1.9755155e-01
   4.1597043e+00  -2.9215757e+00   1.9829734e-01
   4.4097043e+00  -2.9215757e+00   1.9905188e-01
   4.6597043e+00  -2.9215757e+00   1.9970921e-01
   4.9097043e+00  -2.9215757e+00   2.0032327e-01
   5.1597043e+00  -2.9215757e+00   2.0086208e-01
   5.4097043e+00  -2.9215757e+00   2.0149872e-01
   5.6597043e+00  -2.9215757e+00   2.0215855e-01
   5.9097043e+00  -2.9215757e+00   2.0307568e-01
   6.1597043e+00  -2.9215757e+00   2.0450106e-01
   6.4097043e+00  -2.9215757e+00   2.0554613e-01
   6.6597043e+00  -2.9215757e+00   2.1134113e-01
   6.9097043e+00  -2.9215757e+00   2.1424337e-01
   7.1597043e+00  -2.9215757e+00   2.1479139e-01
   7.4097043e+00  -2.9215757e+00   2.1532083e-01
   7.6597043e+00  -2.9215757e+00   2.1597591e-01
   7.9097043e+00  -2.9215757e+00   2.1683511e-01
   8.1597043e+00  -2.9215757e+00   2.1828185e-01
   8.4097043e+00  -2.9215757e+00   2.2019783e-01
   8.6597043e+00  -2.9215757e+00   2.2151356e-01
   8.9097043e+00  -2.9215757e+00   2.2188871e-01
   9.1597043e+00  -2.9215757e+00   2.2211949e-01
   9.4097043e+00  -2.9215757e+00   2.2221423e-01
   9.6597043e+00  -2.9215757e+00   2.2221633e-01
   9.9097043e+00  -2.9215757e+00   2.2210897e-01
   1.0159704e+01  -2.9215757e+00   2.2184479e-01
   1.0409704e+01  -2.9215757e+00   2.2146791e-01
   1.0659704e+01  -2.9215757e+00   2.2114761e-01
   1.0909704e+01  -2.9215757e+00   2.2091754e-01
   1.1159704e+01  -2.9215757e+00   2.2077024e-01
   1.1409704e+01  -2.9215757e+00   2.2069269e-01
   1.1659704e+01  -2.9215757e+00   2.2067842e-01
   1.1909704e+01  -2.9215757e+00   2.2071921e-01
   1.2159704e+01  -2.9215757e+00   2.2092368e-01
   1.2409704e+01  -2.9215757e+00   2.2268872e-01
   1.2659704e+01  -2.9215757e+00   2.2907793e-01
   1.2909704e+01  -2.9215757e+00   2.4234739e-01
   1.3159704e+01  -2.9215757e+00   2.5875621e-01
   1.3409704e+01  -2.9215757e+00   2.7077213e-01
   1.3659704e+01  -2.9215757e+00   2.7682762e-01
   1.3909704e+01  -2.9215757e+00   2.7919429e-01
   1.4159704e+01  -2.9215757e+00   2.7987310e-01
   1.4409704e+01  -2.9215757e+00   2.8019945e-01
   1.4659704e+01  -2.9215757e+00   2.8041160e-01
   1.4909704e+01  -2.9215757e+00   2.8054700e-01
   1.5159704e+01  -2.9215757e+00   2.8063098e-01
   1.5409704e+01  -2.9215757e+00   2.8066331e-01
   1.5659704e+01  -2.9215757e+00   2.8066978e-01
   1.5909704e+01  -2.9215757e+00   2.8064391e-01
   1.6159704e+01  -2.9215757e+00   2.8059867e-01
   1.6409704e+01  -2.9215757e+00   2.8053409e-01
   1.6659704e+01  -2.9215757e+00   2.8047604e-01
   1.6909704e+01  -2.9215757e+00   2.8041160e-01
   1.7159704e+01  -2.9215757e+00   2.8036010e-01
   1.7409704e+01  -2.9215757e+00   2.8032793e-01
   1.7571697e+01  -2.8845829e+00   2.8030864e-01
   1.7696697e+01  -2.8845829e+00             NaN
   7.8475447e-02  -3.2933326e+00             NaN
   2.0347545e-01  -3.2933326e+00   3.8904787e-01
   4.3008941e-01  -3.3167186e+00   3.8221756e-01
   6.8008941e-01  -3.3167186e+00   3.5976407e-01
   9.3008941e-01  -3.3167186e+00   3.2518195e-01
   1.1800894e+00  -3.3167186e+00   2.8809136e-01
   1.4300894e+00  -3.3167186e+00   2.3762581e-01
   1.6800894e+00  -3.3167186e+00   2.1344594e-01
   1.9300894e+00  -3.3167186e+00   2.0057634e-01
   2.1800894e+00  -3.3167186e+00   1.9716052e-01
   2.4300894e+00  -3.3167186e+00   1.9672384e-01
   2.6800894e+00  -3.3167186e+00   1.9665698e-01
   2.9300894e+00  -3.3167186e+00   1.9667104e-01
   3.1800894e+00  -3.3167186e+00   1.9675320e-01
   3.4300894e+00  -3.3167186e+00   1.9693805e-01
   3.6800894e+00  -3.3167186e+00   1.9723533e-01
   3.9300894e+00  -3.3167186e+00   1.9767391e-01
   4.1800894e+00  -3.3167186e+00   1.9826564e-01
   4.4300894e+00  -3.3167186e+00   1.9892661e-01
   4.6800894e+00  -3.3167186e+00   1.9958823e-01
   4.9300894e+00  -3.3167186e+00   2.0036555e-01
   5.1800894e+00  -3.3167186e+00   2.0091921e-01
   5.4300894e+00  -3.3167186e+00   2.0163330e-01
   5.6800894e+00  -3.3167186e+00   2.0252274e-01
   5.9300894e+00  -3.3167186e+00   2.0317288e-01
   6.1800894e+00  -3.3167186e+00   2.0430916e-01
   6.4300894e+00  -3.3167186e+00   2.0598020e-01
   6.6800894e+00  -3.3167186e+00   2.1289870e-01
   6.9300894e+00  -3.3167186e+00   2.1380871e-01
   7.1800894e+00  -3.3167186e+00   2.1454858e-01
   7.4300894e+00  -3.3167186e+00   2.1496717e-01
   7.6800894e+00  -3.3167186e+00   2.1534076e-01
   7.9300894e+00  -3.3167186e+00   2.1566999e-01
   8.1800894e+00  -3.3167186e+00   2.1822966e-01
   8.4300894e+00  -3.3167186e+00   2.2090115e-01
   8.6800894e+00  -3.3167186e+00   2.2165493e-01
   8.9300894e+00  -3.3167186e+00   2.2187407e-01
   9.1800894e+00  -3.3167186e+00   2.2203544e-01
   9.4300894e+00  -3.3167186e+00   2.2212369e-01
   9.6800894e+00  -3.3167186e+00   2.2213631e-01
   9.9300894e+00  -3.3167186e+00   2.2205013e-01
   1.0180089e+01  -3.3167186e+00   2.2185106e-01
   1.0430089e+01  -3.3167186e+00   2.2158003e-01
   1.0680089e+01  -3.3167186e+00   2.2132092e-01
   1.0930089e+01  -3.3167186e+00   2.2111261e-01
   1.1180089e+01  -3.3167186e+00   2.2096879e-01
   1.1430089e+01  -3.3167186e+00   2.2088681e-01
   1.1680089e+01  -3.3167186e+00   2.2086634e-01
   1.1930089e+01  -3.3167186e+00   2.2089910e-01
   1.2180089e+01  -3.3167186e+00   2.2108998e-01
   1.2430089e+01  -3.3167186e+00   2.2286578e-01
   1.2680089e+01  -3.3167186e+00   2.2974103e-01
   1.2930089e+01  -3.3167186e+00   2.4581289e-01
   1.3180089e+01  -3.3167186e+00   2.6682548e-01
   1.3430089e+01  -3.3167186e+00   2.7954857e-01
   1.3680089e+01  -3.3167186e+00   2.8281752e-01
   1.3930089e+01  -3.3167186e+00   2.8318098e-01
   1.4180089e+01  -3.3167186e+00   2.8326881e-01
   1.4430089e+01  -3.3167186e+00   2.8327558e-01
   1.4680089e+01  -3.3167186e+00   2.8321475e-01
   1.4930089e+01  -3.3167186e+00   2.8309327e-01
   1.5180089e+01  -3.3167186e+00   2.8291153e-01
   1.5430089e+01  -3.3167186e+00   2.8268347e-01
   1.5680089e+01  -3.3167186e+00   2.8241628e-01
   1.5930089e+01  -3.3167186e+00   2.8213041e-01
   1.6180089e+01  -3.3167186e+00   2.8185912e-01
   1.6430089e+01  -3.3167186e+00   2.8160879e-01
   1.6680089e+01  -3.3167186e+00   2.8140537e-01
   1.6930089e+01  -3.3167186e+00   2.8125490e-01
   1.7180089e+01  -3.3167186e+00   2.8115697e-01
   1.7430089e+01  -3.3167186e+00   2.8110481e-01
   1.7578475e+01  -3.2933326e+00   2.8110481e-01
   1.7703475e+01  -3.2933326e+00             NaN
   7.8475447e-02  -3.5218730e+00             NaN
   2.0347545e-01  -3.5218730e+00             NaN
   4.3008941e-01  -3.5452590e+00             NaN
   6.8008941e-01  -3.5452590e+00             NaN
   9.3008941e-01  -3.5452590e+00             NaN
   1.1800894e+00  -3.5452590e+00             NaN
   1.4300894e+00  -3.5452590e+00             NaN
   1.6800894e+00  -3.5452590e+00             NaN
   1.9300894e+00  -3.5452590e+00             NaN
   2.1800894e+00  -3.5452590e+00             NaN
   2.4300894e+00  -3.5452590e+00             NaN
   2.6800894e+00  -3.5452590e+00             NaN
   2.9300894e+00  -3.5452590e+00             NaN
   3.1800894e+00  -3.5452590e+00             NaN
   3.4300894e+00  -3.5452590e+00             NaN
   3.6800894e+00  -3.5452590e+00             NaN
   3.9300894e+00  -3.5452590e+00             NaN
   4.1800894e+00  -3.5452590e+00             NaN
   4.4300894e+00  -3.5452590e+00             NaN
   4.6800894e+00  -3.5452590e+00             NaN
   4.9300894e+00  -3.5452590e+00             NaN
   5.1800894e+00  -3.5452590e+00             NaN
   5.4300894e+00  -3.5452590e+00             NaN
   5.6800894e+00  -3.5452590e+00             NaN
   5.9300894e+00  -3.5452590e+00             NaN
   6.1800894e+00  -3.5452590e+00             NaN
   6.4300894e+00  -3.5452590e+00             NaN
   6.6800894e+00  -3.5452590e+00             NaN
   6.9300894e+00  -3.5452590e+00             NaN
   7.1800894e+00  -3.5452590e+00             NaN
   7.4300894e+00  -3.5452590e+00             NaN
   7.6800894e+00  -3.5452590e+00             NaN
   7.9300894e+00  -3.5452590e+00             NaN
   8.1800894e+00  -3.5452590e+00             NaN
   8.4300894e+00  -3.5452590e+00             NaN
   8.6800894e+00  -3.5452590e+00             NaN
   8.9300894e+00  -3.5452590e+00             NaN
   9.1800894e+00  -3.5452590e+00             NaN
   9.4300894e+00  -3.5452590e+00             NaN
   9.6800894e+00  -3.5452590e+00             NaN
   9.9300894e+00  -3.5452590e+00             NaN
   1.0180089e+01  -3.5452590e+00             NaN
   1.0430089e+01  -3.5452590e+00             NaN
   1.0680089e+01  -3.5452590e+00             NaN
   1.0930089e+01  -3.5452590e+00             NaN
   1.1180089e+01  -3.5452590e+00             NaN
   1.1430089e+01  -3.5452590e+00             NaN
   1.1680089e+01  -3.5452590e+00             NaN
   1.1930089e+01  -3.5452590e+00             NaN
   1.2180089e+01  -3.5452590e+00             NaN
   1.2430089e+01  -3.5452590e+00             NaN
   1.2680089e+01  -3.5452590e+00             NaN
   1.2930089e+01  -3.5452590e+00             NaN
   1.3180089e+01  -3.5452590e+00             NaN
   1.3430089e+01  -3.5452590e+00             NaN
   1.3680089e+01  -3.5452590e+00             NaN
   1.3930089e+01  -3.5452590e+00             NaN
   1.4180089e+01  -3.5452590e+00             NaN
   1.4430089e+01  -3.5452590e+00             NaN
   1.4680089e+01  -3.5452590e+00             NaN
   1.4930089e+01  -3.5452590e+00             NaN
   1.5180089e+01  -3.5452590e+00             NaN
   1.5430089e+01  -3.5452590e+00             NaN
   1.5680089e+01  -3.5452590e+00             NaN
   1.5930089e+01  -3.5452590e+00             NaN
   1.6180089e+01  -3.5452590e+00             NaN
   1.6430089e+01  -3.5452590e+00             NaN
   1.6680089e+01  -3.5452590e+00             NaN
   1.6930089e+01  -3.5452590e+00             NaN
   1.7180089e+01  -3.5452590e+00             NaN
   1.7430089e+01  -3.5452590e+00             NaN
   1.7578475e+01  -3.5218730e+00             NaN
   1.7703475e+01  -3.5218730e+00             NaN
